ITOT           : 10000000
ETOT           : 91.187
oCutpar.ACUT   : 0.9
oCutpar.BCUT   : 0.9396
oCutpar.EMIN   : 4.559
oCutpar.SINCUT : 0
ALPHA          : 0.007297353079644818
ALPHAZ         : 0.0078125
CONVERS        : 389379660
oParam.MZ0     : 91.187
oParam.GZ0     : 2.49
SIN2W          : 0.2319
BREPEM         : 0.03367
BETAPLUS       : 1
BETAMOINS      : 1
NBIN           : 200
oParam.IMPR    : false
PLOT           : false
IBegin

       :        -          +
sigma0  : 0.705791 | 0.705791
alpha0  : -1.93805e-5 | 1.6764e-5
beta0   : 0 | 0
lambda0 : 2.5621 | 1.9169
mu0     : 12.1299 | 9.07535
mu/lamb : 4.73429 | 4.73429
mu (num): 10.6026
rapport : 0.652425
mu (th) : 16.2511

s (pb) :   Sig_cut_Th    Sig_Th      Rapport
       :   Sig_Num
       :   Ecart_relatif  Incertitude

s+(pb) : 5.91991 | 6.09415 | 0.971408
       : 4.18153
       : -0.293649 | 0.00017456 | -1682.19

s-(pb) : 9.81379 | 10.1569 | 0.966218
       : 6.42107
       : -0.345710 | 0.000195201 | -1771.05

